$ 1 0.000005 10.20027730826997 50 5 50 5e-11
172 160 64 160 16 0 7 5 5 0 0 0.5 Voltage
g 160 336 160 352 0 0
g 384 336 384 352 0 0
w 304 176 352 176 0
r 352 96 352 176 0 63000
p 656 176 656 336 3 0 0
w 384 176 656 176 0
w 384 336 656 336 0
s 160 64 160 176 0 1 false
x 393 142 548 145 4 15 Internal\sPullup\sResistor
b 306 96 635 424 0
w 160 176 304 176 0
w 352 64 352 96 0
w 352 64 160 64 0
r 160 176 160 336 0 10000
p 80 176 80 336 3 0 0
w 160 176 80 176 0
w 160 336 80 336 0
M 656 176 704 176 0 2.5
w 352 176 384 176 0
r 384 176 384 336 0 1000000000000
x 400 228 631 231 4 15 Theoretically\shuge\sinput\sresistance
38 14 F1 0 1 100000000 -1 Resistance
