$ 64 0.000005 1.0312258501325766 50 5 50 5e-11
! default 0 1,2,3,4,5,6,7,8,9,10 20,19,19,17,16,15,14,13,12,11 custom\slogic \0
208 832 368 1056 368 0 default 0 0 0 0 0 0 0 0 0 0
v 400 752 400 288 0 0 40 5 0 0 0.5
s 496 400 624 400 0 1 true
w 496 288 400 288 0
w 496 400 496 288 0
w 496 288 1104 288 0
w 1104 288 1104 368 0
w 992 368 928 368 0
c 1104 368 1104 544 0 1.0000000000000001e-7 0 0.001
x 1088 493 1128 496 4 24 104
w 992 368 1104 368 0
w 1104 544 1104 752 0
g 832 752 832 784 0 0
w 832 368 624 368 0
w 624 368 624 752 0
w 1104 752 1312 752 0
w 928 400 1376 400 0
w 1312 752 1312 432 0
w 1312 432 1376 432 0
x 1412 400 1460 403 4 24 Vout
x 1415 444 1468 447 4 24 GND
w 624 400 832 400 0
w 832 656 832 752 0
w 832 752 624 752 0
w 832 752 1104 752 0
w 624 752 400 752 0
x 706 325 832 328 4 24 Three-State
x 704 390 829 393 4 24 Digital\sinput
x 923 393 1063 396 4 24 Digital\soutput
x 928 357 1030 360 4 24 VCC\s(5V)
x 775 645 828 648 4 24 GND
x 611 353 831 356 4 24 \sEnable\s(Active\sLow)
